GEO,2020,2023
AT,0.0,0.0
AT1,0.0,0.0
AT11,0.0,0.0
AT112,0.0,0.0
AT113,0.0,0.0
AT12,0.0,0.0
AT121,0.0,0.0
AT122,0.0,0.0
AT123,0.0,0.0
AT124,0.0,0.0
AT125,0.0,0.0
AT126,0.0,0.0
AT127,0.0,0.0
AT13,0.0,0.0
AT130,0.0,0.0
AT2,0.0,0.0
AT21,0.0,0.0
AT211,0.0,0.0
AT212,0.0,0.0
AT213,0.0,0.0
AT22,0.0,0.0
AT221,0.0,0.0
AT222,0.0,0.0
AT223,0.0,0.0
AT224,0.0,0.0
AT225,0.0,0.0
AT226,0.0,0.0
AT3,0.0,0.0
AT31,0.0,0.0
AT311,0.0,0.0
AT312,0.0,0.0
AT313,0.0,0.0
AT314,0.0,0.0
AT315,0.0,0.0
AT32,0.0,0.0
AT322,0.0,0.0
AT323,0.0,0.0
AT33,0.0,0.0
AT331,0.0,0.0
AT332,0.0,0.0
AT333,0.0,0.0
AT334,0.0,0.0
AT335,0.0,0.0
AT34,0.0,0.0
AT341,0.0,0.0
AT342,0.0,0.0
BE,0.0,0.0
BE1,0.0,0.0
BE10,0.0,0.0
BE100,0.0,0.0
BE2,0.0,0.0
BE21,0.0,0.0
BE211,0.0,0.0
BE212,0.0,0.0
BE213,0.0,0.0
BE22,0.0,0.0
BE223,0.0,0.0
BE224,0.0,0.0
BE225,0.0,0.0
BE23,0.0,0.0
BE231,0.0,0.0
BE232,0.0,0.0
BE233,0.0,0.0
BE234,0.0,0.0
BE235,0.0,0.0
BE236,0.0,0.0
BE24,0.0,0.0
BE241,0.0,0.0
BE242,0.0,0.0
BE25,0.0,0.0
BE251,0.0,0.0
BE252,0.0,0.0
BE253,0.0,0.0
BE254,0.0,0.0
BE255,0.0,0.0
BE256,0.0,0.0
BE257,0.0,0.0
BE258,0.0,0.0
BE3,0.0,0.0
BE31,0.0,0.0
BE310,0.0,0.0
BE32,0.0,0.0
BE323,0.0,0.0
BE328,0.0,0.0
BE329,0.0,0.0
BE32A,0.0,0.0
BE32B,0.0,0.0
BE32C,0.0,0.0
BE32D,0.0,0.0
BE33,0.0,0.0
BE331,0.0,0.0
BE332,0.0,0.0
BE334,0.0,0.0
BE335,0.0,0.0
BE336,0.0,0.0
BE34,0.0,0.0
BE341,0.0,0.0
BE342,0.0,0.0
BE343,0.0,0.0
BE344,0.0,0.0
BE345,0.0,0.0
BE35,0.0,0.0
BE351,0.0,0.0
BE352,0.0,0.0
BE353,0.0,0.0
BG,0.0,0.0
BG3,0.0,0.0
BG31,0.0,0.0
BG311,0.0,0.0
BG312,0.0,0.0
BG313,0.0,0.0
BG314,0.0,0.0
BG315,0.0,0.0
BG32,0.0,0.0
BG321,0.0,0.0
BG322,0.0,0.0
BG323,0.0,0.0
BG324,0.0,0.0
BG325,0.0,0.0
BG33,0.0,0.0
BG331,0.0,0.0
BG332,0.0,0.0
BG333,0.0,0.0
BG334,0.0,0.0
BG34,0.0,0.0
BG341,0.0,0.0
BG342,0.0,0.0
BG343,0.0,0.0
BG344,0.0,0.0
BG4,0.0,0.0
BG41,0.0,0.0
BG411,0.0,0.0
BG412,0.0,0.0
BG413,0.0,0.0
BG414,0.0,0.0
BG415,0.0,0.0
BG42,0.0,0.0
BG421,0.0,0.0
BG422,0.0,0.0
BG423,0.0,0.0
BG424,0.0,0.0
BG425,0.0,0.0
CY,0.0,0.0
CY0,0.0,0.0
CY00,0.0,0.0
CY000,0.0,0.0
CZ,0.0,0.0
CZ0,0.0,0.0
CZ01,0.0,0.0
CZ010,0.0,0.0
CZ02,0.0,0.0
CZ020,0.0,0.0
CZ03,0.0,0.0
CZ031,0.0,0.0
CZ032,0.0,0.0
CZ04,0.0,0.0
CZ041,0.0,0.0
CZ042,0.0,0.0
CZ05,0.0,0.0
CZ051,0.0,0.0
CZ052,0.0,0.0
CZ053,0.0,0.0
CZ06,0.0,0.0
CZ063,0.0,0.0
CZ064,0.0,0.0
CZ07,0.0,0.0
CZ071,0.0,0.0
CZ072,0.0,0.0
CZ08,0.0,0.0
CZ080,0.0,0.0
DE,0.02,0.02
DE1,0.0,0.0
DE11,0.0,0.0
DE111,0.0,0.0
DE112,0.0,0.0
DE113,0.0,0.0
DE114,0.0,0.0
DE115,0.0,0.0
DE116,0.0,0.0
DE117,0.0,0.0
DE118,0.0,0.0
DE119,0.0,0.0
DE11A,0.0,0.0
DE11B,0.0,0.0
DE11C,0.0,0.0
DE11D,0.0,0.0
DE12,0.0,0.0
DE121,0.0,0.0
DE122,0.0,0.0
DE123,0.0,0.0
DE124,0.0,0.0
DE125,0.0,0.0
DE126,0.0,0.0
DE127,0.0,0.0
DE128,0.0,0.0
DE129,0.0,0.0
DE12A,0.0,0.0
DE12B,0.0,0.0
DE12C,0.0,0.0
DE13,0.0,0.0
DE131,0.0,0.0
DE132,0.0,0.0
DE133,0.0,0.0
DE134,0.0,0.0
DE135,0.0,0.0
DE136,0.0,0.0
DE137,0.0,0.0
DE138,0.0,0.0
DE139,0.0,0.0
DE13A,0.0,0.0
DE14,0.0,0.0
DE141,0.0,0.0
DE142,0.0,0.0
DE143,0.0,0.0
DE144,0.0,0.0
DE145,0.0,0.0
DE146,0.0,0.0
DE147,0.0,0.0
DE148,0.0,0.0
DE149,0.0,0.0
DE2,0.0,0.0
DE21,0.0,0.0
DE211,0.0,0.0
DE212,0.0,0.0
DE213,0.0,0.0
DE214,0.0,0.0
DE215,0.0,0.0
DE216,0.0,0.0
DE217,0.0,0.0
DE218,0.0,0.0
DE219,0.0,0.0
DE21A,0.0,0.0
DE21B,0.0,0.0
DE21C,0.0,0.0
DE21D,0.0,0.0
DE21E,0.0,0.0
DE21F,0.0,0.0
DE21G,0.0,0.0
DE21H,0.0,0.0
DE21I,0.0,0.0
DE21J,0.0,0.0
DE21K,0.0,0.0
DE21L,0.0,0.0
DE21M,0.0,0.0
DE21N,0.0,0.0
DE22,0.0,0.0
DE221,0.0,0.0
DE222,0.0,0.0
DE223,0.0,0.0
DE224,0.0,0.0
DE226,0.0,0.0
DE227,0.0,0.0
DE228,0.0,0.0
DE229,0.0,0.0
DE22A,0.0,0.0
DE22B,0.0,0.0
DE22C,0.0,0.0
DE23,0.0,0.0
DE231,0.0,0.0
DE232,0.0,0.0
DE233,0.0,0.0
DE234,0.0,0.0
DE235,0.0,0.0
DE236,0.0,0.0
DE237,0.0,0.0
DE238,0.0,0.0
DE239,0.0,0.0
DE23A,0.0,0.0
DE24,0.0,0.0
DE241,0.0,0.0
DE242,0.0,0.0
DE243,0.0,0.0
DE244,0.0,0.0
DE245,0.0,0.0
DE246,0.0,0.0
DE247,0.0,0.0
DE248,0.0,0.0
DE249,0.0,0.0
DE24A,0.0,0.0
DE24B,0.0,0.0
DE24C,0.0,0.0
DE24D,0.0,0.0
DE25,0.0,0.0
DE251,0.0,0.0
DE252,0.0,0.0
DE253,0.0,0.0
DE254,0.0,0.0
DE255,0.0,0.0
DE256,0.0,0.0
DE257,0.0,0.0
DE258,0.0,0.0
DE259,0.0,0.0
DE25A,0.0,0.0
DE25B,0.0,0.0
DE25C,0.0,0.0
DE26,0.0,0.0
DE261,0.0,0.0
DE262,0.0,0.0
DE263,0.0,0.0
DE264,0.0,0.0
DE265,0.0,0.0
DE266,0.0,0.0
DE267,0.0,0.0
DE268,0.0,0.0
DE269,0.0,0.0
DE26A,0.0,0.0
DE26B,0.0,0.0
DE26C,0.0,0.0
DE27,0.0,0.0
DE271,0.0,0.0
DE272,0.0,0.0
DE273,0.0,0.0
DE274,0.0,0.0
DE275,0.0,0.0
DE276,0.0,0.0
DE277,0.0,0.0
DE278,0.0,0.0
DE279,0.0,0.0
DE27A,0.0,0.0
DE27B,0.0,0.0
DE27C,0.0,0.0
DE27D,0.0,0.0
DE27E,0.0,0.0
DE3,0.0,0.0
DE30,0.0,0.0
DE300,0.0,0.0
DE4,0.0,0.0
DE40,0.0,0.0
DE401,0.0,0.0
DE402,0.0,0.0
DE403,0.0,0.0
DE404,0.0,0.0
DE405,0.0,0.0
DE406,0.0,0.0
DE407,0.0,0.0
DE408,0.0,0.0
DE409,0.0,0.0
DE40A,0.0,0.0
DE40B,0.0,0.0
DE40C,0.0,0.0
DE40D,0.0,0.0
DE40E,0.0,0.0
DE40F,0.0,0.0
DE40G,0.0,0.0
DE40H,0.0,0.0
DE40I,0.0,0.0
DE5,0.0,0.0
DE50,0.0,0.0
DE501,0.0,0.0
DE502,0.0,0.0
DE6,0.0,0.0
DE60,0.0,0.0
DE600,0.0,0.0
DE7,0.0,0.0
DE71,0.0,0.0
DE711,0.0,0.0
DE712,0.0,0.0
DE713,0.0,0.0
DE714,0.0,0.0
DE715,0.0,0.0
DE716,0.0,0.0
DE717,0.0,0.0
DE718,0.0,0.0
DE719,0.0,0.0
DE71A,0.0,0.0
DE71B,0.0,0.0
DE71C,0.0,0.0
DE71D,0.0,0.0
DE71E,0.0,0.0
DE72,0.0,0.0
DE721,0.0,0.0
DE722,0.0,0.0
DE723,0.0,0.0
DE724,0.0,0.0
DE725,0.0,0.0
DE73,0.0,0.0
DE731,0.0,0.0
DE732,0.0,0.0
DE733,0.0,0.0
DE734,0.0,0.0
DE735,0.0,0.0
DE736,0.0,0.0
DE737,0.0,0.0
DE8,0.0,0.0
DE80,0.0,0.0
DE803,0.0,0.0
DE804,0.0,0.0
DE80J,0.0,0.0
DE80K,0.0,0.0
DE80L,0.0,0.0
DE80M,0.0,0.0
DE80N,0.0,0.0
DE80O,0.0,0.0
DE9,0.14,0.14
DE91,0.0,0.0
DE911,0.0,0.0
DE912,0.0,0.0
DE913,0.0,0.0
DE914,0.0,0.0
DE916,0.0,0.0
DE917,0.0,0.0
DE918,0.0,0.0
DE91A,0.0,0.0
DE91B,0.0,0.0
DE91C,0.0,0.0
DE92,0.0,0.0
DE922,0.0,0.0
DE923,0.0,0.0
DE925,0.0,0.0
DE926,0.0,0.0
DE927,0.0,0.0
DE928,0.0,0.0
DE929,0.0,0.0
DE93,0.07,0.07
DE931,0.0,0.0
DE932,0.0,0.0
DE933,0.0,0.0
DE934,0.0,0.0
DE935,0.0,0.0
DE936,0.94,0.94
DE937,0.0,0.0
DE938,0.0,0.0
DE939,0.0,0.0
DE93A,0.0,0.0
DE93B,0.0,0.0
DE94,0.39,0.39
DE941,0.0,0.0
DE942,0.0,0.0
DE943,0.0,0.0
DE944,0.0,0.0
DE945,0.0,0.0
DE946,0.0,0.0
DE947,4.64,4.64
DE948,0.0,0.0
DE949,0.0,0.0
DE94A,0.0,0.0
DE94B,0.0,0.0
DE94C,0.0,0.0
DE94D,0.0,0.0
DE94E,0.0,0.0
DE94F,0.0,0.0
DE94G,0.0,0.0
DE94H,0.0,0.0
DEA,0.0,0.0
DEA1,0.0,0.0
DEA11,0.0,0.0
DEA12,0.0,0.0
DEA13,0.0,0.0
DEA14,0.0,0.0
DEA15,0.0,0.0
DEA16,0.0,0.0
DEA17,0.0,0.0
DEA18,0.0,0.0
DEA19,0.0,0.0
DEA1A,0.0,0.0
DEA1B,0.0,0.0
DEA1C,0.0,0.0
DEA1D,0.0,0.0
DEA1E,0.0,0.0
DEA1F,0.0,0.0
DEA2,0.0,0.0
DEA22,0.0,0.0
DEA23,0.0,0.0
DEA24,0.0,0.0
DEA26,0.0,0.0
DEA27,0.0,0.0
DEA28,0.0,0.0
DEA29,0.0,0.0
DEA2A,0.0,0.0
DEA2B,0.0,0.0
DEA2C,0.0,0.0
DEA2D,0.0,0.0
DEA3,0.0,0.0
DEA31,0.0,0.0
DEA32,0.0,0.0
DEA33,0.0,0.0
DEA34,0.0,0.0
DEA35,0.0,0.0
DEA36,0.0,0.0
DEA37,0.0,0.0
DEA38,0.0,0.0
DEA4,0.0,0.0
DEA41,0.0,0.0
DEA42,0.0,0.0
DEA43,0.0,0.0
DEA44,0.0,0.0
DEA45,0.0,0.0
DEA46,0.0,0.0
DEA47,0.0,0.0
DEA5,0.0,0.0
DEA51,0.0,0.0
DEA52,0.0,0.0
DEA53,0.0,0.0
DEA54,0.0,0.0
DEA55,0.0,0.0
DEA56,0.0,0.0
DEA57,0.0,0.0
DEA58,0.0,0.0
DEA59,0.0,0.0
DEA5A,0.0,0.0
DEA5B,0.0,0.0
DEA5C,0.0,0.0
DEB,0.02,0.02
DEB1,0.0,0.0
DEB11,0.0,0.0
DEB12,0.0,0.0
DEB13,0.0,0.0
DEB14,0.0,0.0
DEB15,0.0,0.0
DEB17,0.0,0.0
DEB18,0.0,0.0
DEB1A,0.0,0.0
DEB1B,0.0,0.0
DEB1D,0.0,0.0
DEB2,0.0,0.0
DEB21,0.0,0.0
DEB22,0.0,0.0
DEB23,0.0,0.0
DEB24,0.0,0.0
DEB25,0.0,0.0
DEB3,0.03,0.03
DEB31,0.0,0.0
DEB32,0.0,0.0
DEB33,0.0,0.0
DEB34,0.0,0.0
DEB35,0.0,0.0
DEB36,0.0,0.0
DEB37,0.0,0.0
DEB38,0.0,0.0
DEB39,0.44,0.44
DEB3A,0.0,0.0
DEB3B,0.0,0.0
DEB3C,0.0,0.0
DEB3D,0.0,0.0
DEB3E,0.0,0.0
DEB3F,0.0,0.0
DEB3G,0.0,0.0
DEB3H,0.0,0.0
DEB3I,0.0,0.0
DEB3J,0.0,0.0
DEB3K,0.0,0.0
DEC,0.0,0.0
DEC0,0.0,0.0
DEC01,0.0,0.0
DEC02,0.0,0.0
DEC03,0.0,0.0
DEC04,0.0,0.0
DEC05,0.0,0.0
DEC06,0.0,0.0
DED,0.0,0.0
DED2,0.0,0.0
DED21,0.0,0.0
DED2C,0.0,0.0
DED2D,0.0,0.0
DED2E,0.0,0.0
DED2F,0.0,0.0
DED4,0.0,0.0
DED41,0.0,0.0
DED42,0.0,0.0
DED43,0.0,0.0
DED44,0.0,0.0
DED45,0.0,0.0
DED5,0.0,0.0
DED51,0.0,0.0
DED52,0.0,0.0
DED53,0.0,0.0
DEE,0.0,0.0
DEE0,0.0,0.0
DEE01,0.0,0.0
DEE02,0.0,0.0
DEE03,0.0,0.0
DEE04,0.0,0.0
DEE05,0.0,0.0
DEE06,0.0,0.0
DEE07,0.0,0.0
DEE08,0.0,0.0
DEE09,0.0,0.0
DEE0A,0.0,0.0
DEE0B,0.0,0.0
DEE0C,0.0,0.0
DEE0D,0.0,0.0
DEE0E,0.0,0.0
DEF,0.0,0.0
DEF0,0.0,0.0
DEF01,0.0,0.0
DEF02,0.0,0.0
DEF03,0.0,0.0
DEF04,0.0,0.0
DEF05,0.0,0.0
DEF06,0.0,0.0
DEF07,0.0,0.0
DEF08,0.0,0.0
DEF09,0.0,0.0
DEF0A,0.0,0.0
DEF0B,0.0,0.0
DEF0C,0.0,0.0
DEF0D,0.0,0.0
DEF0E,0.0,0.0
DEF0F,0.0,0.0
DEG,0.0,0.0
DEG0,0.0,0.0
DEG01,0.0,0.0
DEG02,0.0,0.0
DEG03,0.0,0.0
DEG05,0.0,0.0
DEG06,0.0,0.0
DEG07,0.0,0.0
DEG09,0.0,0.0
DEG0A,0.0,0.0
DEG0C,0.0,0.0
DEG0D,0.0,0.0
DEG0E,0.0,0.0
DEG0G,0.0,0.0
DEG0J,0.0,0.0
DEG0K,0.0,0.0
DEG0L,0.0,0.0
DEG0M,0.0,0.0
DEG0Q,0.0,0.0
DEG0R,0.0,0.0
DEG0S,0.0,0.0
DEG0T,0.0,0.0
DEG0U,0.0,0.0
DEG0V,0.0,0.0
DK,0.0,0.0
DK0,0.0,0.0
DK01,0.0,0.0
DK011,0.0,0.0
DK012,0.0,0.0
DK013,0.0,0.0
DK014,0.0,0.0
DK02,0.0,0.0
DK021,0.0,0.0
DK022,0.0,0.0
DK03,0.0,0.0
DK031,0.0,0.0
DK032,0.0,0.0
DK04,0.0,0.0
DK041,0.0,0.0
DK042,0.0,0.0
DK05,0.0,0.0
DK050,0.0,0.0
EE,0.0,0.0
EE0,0.0,0.0
EE00,0.0,0.0
EE001,0.0,0.0
EE004,0.0,0.0
EE008,0.0,0.0
EE009,0.0,0.0
EE00A,0.0,0.0
EL,2.64,2.68
EL3,2.42,2.6
EL30,2.42,2.6
EL301,0.0,0.0
EL303,0.0,0.0
EL304,0.0,0.0
EL305,0.16,0.46
EL306,0.0,0.0
EL307,14.51,14.51
EL4,16.74,16.74
EL41,0.0,0.0
EL411,0.0,0.0
EL412,0.0,0.0
EL413,0.0,0.0
EL42,37.95,37.95
EL421,29.96,29.96
EL422,75.68,75.68
EL43,0.0,0.0
EL431,0.0,0.0
EL432,0.0,0.0
EL433,0.0,0.0
EL434,0.0,0.0
EL5,0.0,0.0
EL51,0.0,0.0
EL511,0.0,0.0
EL512,0.0,0.0
EL513,0.0,0.0
EL514,0.0,0.0
EL515,0.0,0.0
EL52,0.0,0.0
EL521,0.0,0.0
EL522,0.0,0.0
EL523,0.0,0.0
EL524,0.0,0.0
EL525,0.0,0.0
EL526,0.0,0.0
EL527,0.0,0.0
EL53,0.0,0.0
EL531,0.0,0.0
EL532,0.0,0.0
EL533,0.0,0.0
EL54,0.0,0.0
EL541,0.0,0.0
EL542,0.0,0.0
EL543,0.0,0.0
EL6,0.0,0.0
EL61,0.0,0.0
EL611,0.0,0.0
EL612,0.0,0.0
EL613,0.0,0.0
EL62,0.0,0.0
EL621,0.0,0.0
EL622,0.0,0.0
EL623,0.0,0.0
EL624,0.0,0.0
EL63,0.0,0.0
EL631,0.0,0.0
EL632,0.0,0.0
EL633,0.0,0.0
EL64,0.0,0.0
EL641,0.0,0.0
EL642,0.0,0.0
EL643,0.0,0.0
EL644,0.0,0.0
EL645,0.0,0.0
EL65,0.0,0.0
EL651,0.0,0.0
EL652,0.0,0.0
EL653,0.0,0.0
ES,1.22,0.58
ES1,8.51,0.0
ES11,0.0,0.0
ES111,0.0,0.0
ES112,0.0,0.0
ES113,0.0,0.0
ES114,0.0,0.0
ES12,42.59,0.0
ES120,42.59,0.0
ES13,0.0,0.0
ES130,0.0,0.0
ES2,0.0,0.0
ES21,0.0,0.0
ES211,0.0,0.0
ES212,0.0,0.0
ES213,0.0,0.0
ES22,0.0,0.0
ES220,0.0,0.0
ES23,0.0,0.0
ES230,0.0,0.0
ES24,0.0,0.0
ES241,0.0,0.0
ES242,0.0,0.0
ES243,0.0,0.0
ES3,0.0,0.0
ES30,0.0,0.0
ES300,0.0,0.0
ES4,0.0,0.0
ES41,0.0,0.0
ES411,0.0,0.0
ES412,0.0,0.0
ES413,0.0,0.0
ES414,0.0,0.0
ES415,0.0,0.0
ES416,0.0,0.0
ES417,0.0,0.0
ES418,0.0,0.0
ES419,0.0,0.0
ES42,0.0,0.0
ES421,0.0,0.0
ES422,0.0,0.0
ES423,0.0,0.0
ES424,0.0,0.0
ES425,0.0,0.0
ES43,0.0,0.0
ES431,0.0,0.0
ES432,0.0,0.0
ES5,0.95,1.81
ES52,0.0,0.0
ES521,0.0,0.0
ES522,0.0,0.0
ES523,0.0,0.0
ES53,10.78,20.44
ES531,5.76,13.63
ES532,5.53,10.84
ES533,38.99,70.56
ES6,0.02,0.02
ES61,0.0,0.0
ES611,0.0,0.0
ES612,0.0,0.0
ES613,0.0,0.0
ES614,0.0,0.0
ES615,0.04,0.0
ES616,0.0,0.0
ES617,0.0,0.0
ES618,0.0,0.0
ES62,0.09,0.09
ES620,0.09,0.09
ES63,0.0,0.0
ES630,0.0,0.0
ES7,0.09,0.0
ES70,0.09,0.0
ES704,0.0,0.0
ES705,0.0,0.0
ES706,0.0,0.0
ES707,1.17,0.0
ES708,0.0,0.0
ES709,0.0,0.0
FI,0.0,0.0
FI1,0.0,0.0
FI19,0.0,0.0
FI196,0.0,0.0
FI198,0.0,0.0
FI199,0.0,0.0
FI19A,0.0,0.0
FI19B,0.0,0.0
FI1B,0.0,0.0
FI1B1,0.0,0.0
FI1C,0.0,0.0
FI1C1,0.0,0.0
FI1C2,0.0,0.0
FI1C5,0.0,0.0
FI1C6,0.0,0.0
FI1C7,0.0,0.0
FI1D,0.0,0.0
FI1D5,0.0,0.0
FI1D7,0.0,0.0
FI1D8,0.0,0.0
FI1D9,0.0,0.0
FI1DA,0.0,0.0
FI1DB,0.0,0.0
FI1DC,0.0,0.0
FI2,0.0,0.0
FI20,0.0,0.0
FI200,0.0,0.0
FR,0.0,0.0
FR1,0.0,0.0
FR10,0.0,0.0
FR102,0.0,0.0
FR103,0.0,0.0
FR104,0.0,0.0
FR106,0.0,0.0
FR107,0.0,0.0
FR108,0.0,0.0
FRB,0.0,0.0
FRB0,0.0,0.0
FRB01,0.0,0.0
FRB02,0.0,0.0
FRB03,0.0,0.0
FRB04,0.0,0.0
FRB05,0.0,0.0
FRB06,0.0,0.0
FRC,0.0,0.0
FRC1,0.0,0.0
FRC11,0.0,0.0
FRC12,0.0,0.0
FRC13,0.0,0.0
FRC14,0.0,0.0
FRC2,0.0,0.0
FRC21,0.0,0.0
FRC22,0.0,0.0
FRC23,0.0,0.0
FRC24,0.0,0.0
FRD,0.0,0.0
FRD1,0.0,0.0
FRD11,0.0,0.0
FRD12,0.0,0.0
FRD13,0.0,0.0
FRD2,0.0,0.0
FRD21,0.0,0.0
FRD22,0.0,0.0
FRE,0.0,0.0
FRE1,0.0,0.0
FRE11,0.0,0.0
FRE12,0.0,0.0
FRE2,0.0,0.0
FRE21,0.0,0.0
FRE22,0.0,0.0
FRE23,0.0,0.0
FRF,0.0,0.0
FRF1,0.0,0.0
FRF11,0.0,0.0
FRF12,0.0,0.0
FRF2,0.0,0.0
FRF21,0.0,0.0
FRF22,0.0,0.0
FRF23,0.0,0.0
FRF24,0.0,0.0
FRF3,0.0,0.0
FRF31,0.0,0.0
FRF32,0.0,0.0
FRF33,0.0,0.0
FRF34,0.0,0.0
FRG,0.0,0.0
FRG0,0.0,0.0
FRG01,0.0,0.0
FRG02,0.0,0.0
FRG03,0.0,0.0
FRG04,0.0,0.0
FRG05,0.0,0.0
FRH,0.0,0.0
FRH0,0.0,0.0
FRH01,0.0,0.0
FRH02,0.0,0.0
FRH03,0.0,0.0
FRH04,0.0,0.0
FRI,0.0,0.0
FRI1,0.0,0.0
FRI11,0.0,0.0
FRI12,0.0,0.0
FRI13,0.0,0.0
FRI14,0.0,0.0
FRI15,0.0,0.0
FRI2,0.0,0.0
FRI21,0.0,0.0
FRI22,0.0,0.0
FRI23,0.0,0.0
FRI3,0.0,0.0
FRI31,0.0,0.0
FRI32,0.0,0.0
FRI33,0.0,0.0
FRI34,0.0,0.0
FRJ,0.0,0.0
FRJ1,0.0,0.0
FRJ11,0.0,0.0
FRJ12,0.0,0.0
FRJ13,0.0,0.0
FRJ14,0.0,0.0
FRJ15,0.0,0.0
FRJ2,0.0,0.0
FRJ21,0.0,0.0
FRJ22,0.0,0.0
FRJ23,0.0,0.0
FRJ24,0.0,0.0
FRJ25,0.0,0.0
FRJ26,0.0,0.0
FRJ27,0.0,0.0
FRJ28,0.0,0.0
FRK,0.0,0.0
FRK1,0.0,0.0
FRK11,0.0,0.0
FRK12,0.0,0.0
FRK13,0.0,0.0
FRK14,0.0,0.0
FRK2,0.0,0.0
FRK21,0.0,0.0
FRK22,0.0,0.0
FRK23,0.0,0.0
FRK24,0.0,0.0
FRK25,0.0,0.0
FRK26,0.0,0.0
FRK27,0.0,0.0
FRK28,0.0,0.0
FRL,0.0,0.0
FRL0,0.0,0.0
FRL01,0.0,0.0
FRL02,0.0,0.0
FRL03,0.0,0.0
FRL04,0.0,0.0
FRL05,0.0,0.0
FRL06,0.0,0.0
FRM,0.0,0.0
FRM0,0.0,0.0
FRM01,0.0,0.0
FRM02,0.0,0.0
HR,0.43,0.43
HR0,0.43,0.43
HR02,0.0,0.0
HR021,0.0,0.0
HR022,0.0,0.0
HR023,0.0,0.0
HR024,0.0,0.0
HR025,0.0,0.0
HR026,0.0,0.0
HR027,0.0,0.0
HR028,0.0,0.0
HR03,1.31,1.31
HR031,6.11,6.11
HR033,0.0,0.0
HR034,0.0,0.0
HR035,0.0,0.0
HR036,0.0,0.0
HR037,0.0,0.0
HR05,0.0,0.0
HR050,0.0,0.0
HR06,0.0,0.0
HR061,0.0,0.0
HR062,0.0,0.0
HR063,0.0,0.0
HR064,0.0,0.0
HR065,0.0,0.0
HU,0.0,0.0
HU1,0.0,0.0
HU11,0.0,0.0
HU110,0.0,0.0
HU12,0.0,0.0
HU120,0.0,0.0
HU2,0.0,0.0
HU21,0.0,0.0
HU211,0.0,0.0
HU212,0.0,0.0
HU213,0.0,0.0
HU22,0.0,0.0
HU221,0.0,0.0
HU222,0.0,0.0
HU223,0.0,0.0
HU23,0.0,0.0
HU231,0.0,0.0
HU232,0.0,0.0
HU233,0.0,0.0
HU3,0.0,0.0
HU31,0.0,0.0
HU311,0.0,0.0
HU312,0.0,0.0
HU313,0.0,0.0
HU32,0.0,0.0
HU321,0.0,0.0
HU322,0.0,0.0
HU323,0.0,0.0
HU33,0.0,0.0
HU331,0.0,0.0
HU332,0.0,0.0
HU333,0.0,0.0
IE,0.0,0.0
IE0,0.0,0.0
IE04,0.0,0.0
IE041,0.0,0.0
IE042,0.0,0.0
IE05,0.0,0.0
IE051,0.0,0.0
IE052,0.0,0.0
IE053,0.0,0.0
IE06,0.0,0.0
IE061,0.0,0.0
IE062,0.0,0.0
IE063,0.0,0.0
IT,0.02,0.02
ITC,0.0,0.0
ITC1,0.0,0.0
ITC11,0.0,0.0
ITC12,0.0,0.0
ITC13,0.0,0.0
ITC14,0.0,0.0
ITC15,0.0,0.0
ITC16,0.0,0.0
ITC17,0.0,0.0
ITC18,0.0,0.0
ITC3,0.0,0.0
ITC31,0.0,0.0
ITC32,0.0,0.0
ITC33,0.0,0.0
ITC34,0.0,0.0
ITC4,0.0,0.0
ITC41,0.0,0.0
ITC42,0.0,0.0
ITC43,0.0,0.0
ITC44,0.0,0.0
ITC46,0.0,0.0
ITC47,0.0,0.0
ITC48,0.0,0.0
ITC49,0.0,0.0
ITC4A,0.0,0.0
ITC4B,0.0,0.0
ITC4C,0.0,0.0
ITC4D,0.0,0.0
ITF,0.1,0.1
ITF1,0.0,0.0
ITF11,0.0,0.0
ITF12,0.0,0.0
ITF13,0.0,0.0
ITF14,0.0,0.0
ITF2,0.0,0.0
ITF21,0.0,0.0
ITF22,0.0,0.0
ITF3,0.43,0.43
ITF31,0.0,0.0
ITF32,0.0,0.0
ITF33,1.33,1.33
ITF34,0.0,0.0
ITF35,0.0,0.0
ITF4,0.0,0.0
ITF43,0.0,0.0
ITF44,0.0,0.0
ITF45,0.0,0.0
ITF46,0.0,0.0
ITF47,0.0,0.0
ITF48,0.0,0.0
ITF5,0.0,0.0
ITF51,0.0,0.0
ITF52,0.0,0.0
ITF6,0.0,0.0
ITF61,0.0,0.0
ITF62,0.0,0.0
ITF63,0.0,0.0
ITF64,0.0,0.0
ITF65,0.0,0.0
ITG,0.0,0.0
ITG1,0.0,0.0
ITG11,0.0,0.0
ITG12,0.0,0.0
ITG13,0.0,0.0
ITG14,0.0,0.0
ITG15,0.0,0.0
ITG16,0.0,0.0
ITG17,0.0,0.0
ITG18,0.0,0.0
ITG19,0.0,0.0
ITG2,0.0,0.0
ITG2D,0.0,0.0
ITG2E,0.0,0.0
ITG2F,0.0,0.0
ITG2G,0.0,0.0
ITG2H,0.0,0.0
ITH,0.0,0.0
ITH3,0.0,0.0
ITH31,0.0,0.0
ITH32,0.0,0.0
ITH33,0.0,0.0
ITH34,0.0,0.0
ITH35,0.0,0.0
ITH36,0.0,0.0
ITH37,0.0,0.0
ITH4,0.0,0.0
ITH41,0.0,0.0
ITH42,0.0,0.0
ITH43,0.0,0.0
ITH44,0.0,0.0
ITH5,0.0,0.0
ITH51,0.0,0.0
ITH52,0.0,0.0
ITH53,0.0,0.0
ITH54,0.0,0.0
ITH55,0.0,0.0
ITH56,0.0,0.0
ITH57,0.0,0.0
ITH58,0.0,0.0
ITH59,0.0,0.0
ITI,0.0,0.0
ITI1,0.0,0.0
ITI11,0.0,0.0
ITI12,0.0,0.0
ITI13,0.0,0.0
ITI14,0.0,0.0
ITI15,0.0,0.0
ITI16,0.0,0.0
ITI17,0.0,0.0
ITI18,0.0,0.0
ITI19,0.0,0.0
ITI1A,0.0,0.0
ITI2,0.0,0.0
ITI21,0.0,0.0
ITI22,0.0,0.0
ITI3,0.0,0.0
ITI31,0.0,0.0
ITI32,0.0,0.0
ITI33,0.0,0.0
ITI34,0.0,0.0
ITI35,0.0,0.0
ITI4,0.0,0.0
ITI41,0.0,0.0
ITI42,0.0,0.0
ITI43,0.0,0.0
ITI44,0.0,0.0
ITI45,0.0,0.0
LT,0.0,0.0
LT0,0.0,0.0
LT01,0.0,0.0
LT011,0.0,0.0
LT02,0.0,0.0
LT021,0.0,0.0
LT022,0.0,0.0
LT023,0.0,0.0
LT024,0.0,0.0
LT025,0.0,0.0
LT026,0.0,0.0
LT027,0.0,0.0
LT028,0.0,0.0
LT029,0.0,0.0
LU,0.0,0.0
LU0,0.0,0.0
LU00,0.0,0.0
LU000,0.0,0.0
LV,0.0,0.0
LV0,0.0,0.0
LV00,0.0,0.0
LV005,0.0,0.0
LV009,0.0,0.0
LV00A,0.0,0.0
LV00B,0.0,0.0
LV00C,0.0,0.0
MT,100.0,100.0
MT0,100.0,100.0
MT00,100.0,100.0
MT001,100.0,100.0
MT002,100.0,100.0
NL,0.0,0.0
NL1,0.0,0.0
NL11,0.0,0.0
NL112,0.0,0.0
NL114,0.0,0.0
NL115,0.0,0.0
NL12,0.0,0.0
NL126,0.0,0.0
NL127,0.0,0.0
NL128,0.0,0.0
NL13,0.0,0.0
NL131,0.0,0.0
NL132,0.0,0.0
NL133,0.0,0.0
NL2,0.0,0.0
NL21,0.0,0.0
NL211,0.0,0.0
NL212,0.0,0.0
NL213,0.0,0.0
NL22,0.0,0.0
NL221,0.0,0.0
NL224,0.0,0.0
NL225,0.0,0.0
NL226,0.0,0.0
NL23,0.0,0.0
NL230,0.0,0.0
NL3,0.0,0.0
NL32,0.0,0.0
NL321,0.0,0.0
NL323,0.0,0.0
NL325,0.0,0.0
NL327,0.0,0.0
NL328,0.0,0.0
NL32A,0.0,0.0
NL32B,0.0,0.0
NL34,0.0,0.0
NL341,0.0,0.0
NL342,0.0,0.0
NL35,0.0,0.0
NL350,0.0,0.0
NL36,0.0,0.0
NL361,0.0,0.0
NL362,0.0,0.0
NL363,0.0,0.0
NL364,0.0,0.0
NL365,0.0,0.0
NL366,0.0,0.0
NL4,0.0,0.0
NL41,0.0,0.0
NL411,0.0,0.0
NL414,0.0,0.0
NL415,0.0,0.0
NL416,0.0,0.0
NL42,0.0,0.0
NL421,0.0,0.0
NL422,0.0,0.0
NL423,0.0,0.0
NO,0.02,0.0
NO0,0.02,0.0
NO02,0.0,0.0
NO020,0.0,0.0
NO06,0.0,0.0
NO060,0.0,0.0
NO07,0.0,0.0
NO071,0.0,0.0
NO072,0.0,0.0
NO073,0.0,0.0
NO08,0.06,0.0
NO081,0.0,0.0
NO083,0.0,0.0
NO084,0.16,0.0
NO085,0.0,0.0
NO09,0.0,0.0
NO092,0.0,0.0
NO093,0.0,0.0
NO094,0.0,0.0
NO0A,0.0,0.0
NO0A1,0.0,0.0
NO0A2,0.0,0.0
NO0A3,0.0,0.0
PL,0.0,0.0
PL2,0.0,0.0
PL21,0.0,0.0
PL213,0.0,0.0
PL214,0.0,0.0
PL217,0.0,0.0
PL218,0.0,0.0
PL219,0.0,0.0
PL21A,0.0,0.0
PL22,0.0,0.0
PL224,0.0,0.0
PL225,0.0,0.0
PL227,0.0,0.0
PL228,0.0,0.0
PL229,0.0,0.0
PL22A,0.0,0.0
PL22B,0.0,0.0
PL22C,0.0,0.0
PL4,0.0,0.0
PL41,0.0,0.0
PL411,0.0,0.0
PL414,0.0,0.0
PL415,0.0,0.0
PL416,0.0,0.0
PL417,0.0,0.0
PL418,0.0,0.0
PL42,0.0,0.0
PL424,0.0,0.0
PL426,0.0,0.0
PL427,0.0,0.0
PL428,0.0,0.0
PL43,0.0,0.0
PL431,0.0,0.0
PL432,0.0,0.0
PL5,0.0,0.0
PL51,0.0,0.0
PL514,0.0,0.0
PL515,0.0,0.0
PL516,0.0,0.0
PL517,0.0,0.0
PL518,0.0,0.0
PL52,0.0,0.0
PL523,0.0,0.0
PL524,0.0,0.0
PL6,0.0,0.0
PL61,0.0,0.0
PL613,0.0,0.0
PL616,0.0,0.0
PL617,0.0,0.0
PL618,0.0,0.0
PL619,0.0,0.0
PL62,0.0,0.0
PL621,0.0,0.0
PL622,0.0,0.0
PL623,0.0,0.0
PL63,0.0,0.0
PL633,0.0,0.0
PL634,0.0,0.0
PL636,0.0,0.0
PL637,0.0,0.0
PL638,0.0,0.0
PL7,0.0,0.0
PL71,0.0,0.0
PL711,0.0,0.0
PL712,0.0,0.0
PL713,0.0,0.0
PL714,0.0,0.0
PL715,0.0,0.0
PL72,0.0,0.0
PL721,0.0,0.0
PL722,0.0,0.0
PL8,0.0,0.0
PL81,0.0,0.0
PL811,0.0,0.0
PL812,0.0,0.0
PL814,0.0,0.0
PL815,0.0,0.0
PL82,0.0,0.0
PL821,0.0,0.0
PL822,0.0,0.0
PL823,0.0,0.0
PL824,0.0,0.0
PL84,0.0,0.0
PL841,0.0,0.0
PL842,0.0,0.0
PL843,0.0,0.0
PL9,0.0,0.0
PL91,0.0,0.0
PL911,0.0,0.0
PL912,0.0,0.0
PL913,0.0,0.0
PL92,0.0,0.0
PL921,0.0,0.0
PL922,0.0,0.0
PL923,0.0,0.0
PL924,0.0,0.0
PL925,0.0,0.0
PL926,0.0,0.0
PT,0.0,0.0
PT1,0.0,0.0
PT11,0.0,0.0
PT111,0.0,0.0
PT112,0.0,0.0
PT119,0.0,0.0
PT11A,0.0,0.0
PT11B,0.0,0.0
PT11C,0.0,0.0
PT11D,0.0,0.0
PT11E,0.0,0.0
PT15,0.0,0.0
PT150,0.0,0.0
PT19,0.0,0.0
PT191,0.0,0.0
PT192,0.0,0.0
PT193,0.0,0.0
PT194,0.0,0.0
PT195,0.0,0.0
PT196,0.0,0.0
PT1A,0.0,0.0
PT1A0,0.0,0.0
PT1B,0.0,0.0
PT1B0,0.0,0.0
PT1C,0.0,0.0
PT1C1,0.0,0.0
PT1C2,0.0,0.0
PT1C3,0.0,0.0
PT1C4,0.0,0.0
PT1D,0.0,0.0
PT1D1,0.0,0.0
PT1D2,0.0,0.0
PT1D3,0.0,0.0
PT2,0.0,0.0
PT20,0.0,0.0
PT200,0.0,0.0
PT3,0.0,0.0
PT30,0.0,0.0
PT300,0.0,0.0
RO,0.0,0.0
RO1,0.0,0.0
RO11,0.0,0.0
RO111,0.0,0.0
RO112,0.0,0.0
RO113,0.0,0.0
RO114,0.0,0.0
RO115,0.0,0.0
RO116,0.0,0.0
RO12,0.0,0.0
RO121,0.0,0.0
RO122,0.0,0.0
RO123,0.0,0.0
RO124,0.0,0.0
RO125,0.0,0.0
RO126,0.0,0.0
RO2,0.0,0.0
RO21,0.0,0.0
RO211,0.0,0.0
RO212,0.0,0.0
RO213,0.0,0.0
RO214,0.0,0.0
RO215,0.0,0.0
RO216,0.0,0.0
RO22,0.0,0.0
RO221,0.0,0.0
RO222,0.0,0.0
RO223,0.0,0.0
RO224,0.0,0.0
RO225,0.0,0.0
RO226,0.0,0.0
RO3,0.0,0.0
RO31,0.0,0.0
RO311,0.0,0.0
RO312,0.0,0.0
RO313,0.0,0.0
RO314,0.0,0.0
RO315,0.0,0.0
RO316,0.0,0.0
RO317,0.0,0.0
RO32,0.0,0.0
RO321,0.0,0.0
RO322,0.0,0.0
RO4,0.0,0.0
RO41,0.0,0.0
RO411,0.0,0.0
RO412,0.0,0.0
RO413,0.0,0.0
RO414,0.0,0.0
RO415,0.0,0.0
RO42,0.0,0.0
RO421,0.0,0.0
RO422,0.0,0.0
RO423,0.0,0.0
RO424,0.0,0.0
SE,0.0,0.0
SE1,0.0,0.0
SE11,0.0,0.0
SE110,0.0,0.0
SE12,0.0,0.0
SE121,0.0,0.0
SE122,0.0,0.0
SE123,0.0,0.0
SE124,0.0,0.0
SE125,0.0,0.0
SE2,0.0,0.0
SE21,0.0,0.0
SE211,0.0,0.0
SE212,0.0,0.0
SE213,0.0,0.0
SE214,0.0,0.0
SE22,0.0,0.0
SE221,0.0,0.0
SE224,0.0,0.0
SE23,0.0,0.0
SE231,0.0,0.0
SE232,0.0,0.0
SE3,0.0,0.0
SE31,0.0,0.0
SE311,0.0,0.0
SE312,0.0,0.0
SE313,0.0,0.0
SE32,0.0,0.0
SE321,0.0,0.0
SE322,0.0,0.0
SE33,0.0,0.0
SE331,0.0,0.0
SE332,0.0,0.0
SI,0.0,0.0
SI0,0.0,0.0
SI03,0.0,0.0
SI031,0.0,0.0
SI032,0.0,0.0
SI033,0.0,0.0
SI034,0.0,0.0
SI035,0.0,0.0
SI036,0.0,0.0
SI037,0.0,0.0
SI038,0.0,0.0
SI04,0.0,0.0
SI041,0.0,0.0
SI042,0.0,0.0
SI043,0.0,0.0
SI044,0.0,0.0
SK,0.0,0.0
SK0,0.0,0.0
SK01,0.0,0.0
SK010,0.0,0.0
SK02,0.0,0.0
SK021,0.0,0.0
SK022,0.0,0.0
SK023,0.0,0.0
SK03,0.0,0.0
SK031,0.0,0.0
SK032,0.0,0.0
SK04,0.0,0.0
SK041,0.0,0.0
SK042,0.0,0.0
