GEO,2020,2023
AT,1539927.0,1522252.0
AT1,674707.0,664680.0
AT11,60504.0,59447.0
AT111,9279.0,9226.0
AT112,31306.0,30832.0
AT113,19919.0,19389.0
AT12,295820.0,288926.0
AT121,45218.0,45122.0
AT122,45089.0,44681.0
AT123,27338.0,25758.0
AT124,36524.0,35556.0
AT125,21517.0,21898.0
AT126,57619.0,55413.0
AT127,62515.0,60498.0
AT13,318383.0,316307.0
AT130,318383.0,316307.0
AT2,330810.0,324456.0
AT21,101575.0,100540.0
AT211,60072.0,58836.0
AT212,21378.0,21137.0
AT213,20125.0,20567.0
AT22,229235.0,223916.0
AT221,80721.0,80293.0
AT222,15587.0,15111.0
AT223,35330.0,34949.0
AT224,46582.0,43930.0
AT225,31908.0,30466.0
AT226,19107.0,19167.0
AT3,534410.0,533116.0
AT31,253011.0,252665.0
AT311,45987.0,44829.0
AT312,108529.0,109584.0
AT313,27791.0,28913.0
AT314,28455.0,28303.0
AT315,42249.0,41036.0
AT32,96599.0,95926.0
AT321,3965.0,3966.0
AT322,24803.0,24516.0
AT323,67831.0,67444.0
AT33,117592.0,117397.0
AT331,4439.0,4851.0
AT332,50348.0,49754.0
AT333,7280.0,7099.0
AT334,12612.0,12290.0
AT335,42913.0,43403.0
AT34,67208.0,67128.0
AT341,12610.0,12562.0
AT342,54598.0,54566.0
BE,2192958.0,2186268.0
BE1,155790.0,155790.0
BE10,155790.0,155790.0
BE100,155790.0,155790.0
BE2,1368369.0,1364630.0
BE21,368528.0,366708.0
BE211,202076.0,202076.0
BE212,69858.0,68405.0
BE213,96594.0,96227.0
BE22,186069.0,185214.0
BE223,44855.0,44817.0
BE224,88456.0,88456.0
BE225,52758.0,51941.0
BE23,307834.0,307834.0
BE231,60724.0,60724.0
BE232,41915.0,41915.0
BE233,19295.0,19295.0
BE234,108552.0,108552.0
BE235,25608.0,25608.0
BE236,51740.0,51740.0
BE24,231862.0,231862.0
BE241,126541.0,126541.0
BE242,105321.0,105321.0
BE25,274076.0,273012.0
BE251,70072.0,70072.0
BE252,9808.0,8962.0
BE253,23602.0,23602.0
BE254,61604.0,61386.0
BE255,38865.0,38865.0
BE256,32475.0,32475.0
BE257,19393.0,19393.0
BE258,18257.0,18257.0
BE3,668799.0,665848.0
BE31,77387.0,76981.0
BE310,77387.0,76981.0
BE32,255008.0,254833.0
BE323,48789.0,48785.0
BE328,43671.0,43560.0
BE329,27298.0,27298.0
BE32A,24052.0,24052.0
BE32B,73747.0,73747.0
BE32C,19142.0,19142.0
BE32D,18309.0,18249.0
BE33,209028.0,208568.0
BE331,20115.0,20050.0
BE332,119420.0,119267.0
BE334,14965.0,14824.0
BE335,39937.0,39840.0
BE336,14591.0,14587.0
BE34,42631.0,42009.0
BE341,9906.0,9906.0
BE342,7631.0,7455.0
BE343,7876.0,7935.0
BE344,9588.0,9335.0
BE345,7630.0,7378.0
BE35,84745.0,83457.0
BE351,17036.0,16455.0
BE352,59266.0,59091.0
BE353,8443.0,7911.0
BG,1238410.0,1241834.0
BG3,616642.0,614920.0
BG31,136467.0,138129.0
BG311,14910.0,14777.0
BG312,22798.0,22882.0
BG313,25741.0,25881.0
BG314,50390.0,51242.0
BG315,22628.0,23347.0
BG32,147478.0,150388.0
BG321,44146.0,47643.0
BG322,27425.0,25119.0
BG323,38721.0,39398.0
BG324,19897.0,20773.0
BG325,17289.0,17455.0
BG33,153304.0,148052.0
BG331,78134.0,77737.0
BG332,30726.0,27801.0
BG333,25623.0,22541.0
BG334,18821.0,19973.0
BG34,179393.0,178351.0
BG341,62954.0,62164.0
BG342,29922.0,29881.0
BG343,22138.0,22213.0
BG344,64379.0,64093.0
BG4,621768.0,626914.0
BG41,374823.0,375675.0
BG411,237461.0,237627.0
BG412,43201.0,41901.0
BG413,45604.0,46648.0
BG414,21418.0,22221.0
BG415,27139.0,27278.0
BG42,246945.0,251239.0
BG421,128387.0,127610.0
BG422,42438.0,44607.0
BG423,44667.0,44087.0
BG424,11358.0,14850.0
BG425,20095.0,20085.0
CH,1623212.0,1629007.0
CH0,1623212.0,1629007.0
CH01,278375.0,278504.0
CH011,134950.0,134728.0
CH012,60125.0,59925.0
CH013,83300.0,83851.0
CH02,380076.0,383441.0
CH021,218521.0,221776.0
CH022,54127.0,54218.0
CH023,57145.0,57164.0
CH024,34363.0,34363.0
CH025,15920.0,15920.0
CH03,235052.0,235059.0
CH031,40519.0,40519.0
CH032,64857.0,64861.0
CH033,129676.0,129679.0
CH04,269176.0,269176.0
CH040,269176.0,269176.0
CH05,229892.0,231666.0
CH051,8361.0,8361.0
CH052,18545.0,18545.0
CH053,11805.0,11803.0
CH054,3180.0,3180.0
CH055,97561.0,97792.0
CH056,38791.0,39835.0
CH057,51649.0,52150.0
CH06,151019.0,151406.0
CH061,76049.0,75774.0
CH062,6745.0,6736.0
CH063,29722.0,29759.0
CH064,6719.0,6725.0
CH065,9294.0,9294.0
CH066,22490.0,23118.0
CH07,79622.0,79755.0
CH070,79622.0,79755.0
CY,135162.0,130890.0
CY0,135162.0,130890.0
CY00,135162.0,130890.0
CY000,135162.0,130890.0
CZ,1981936.0,1970871.0
CZ0,1981936.0,1970871.0
CZ01,238673.0,238673.0
CZ010,238673.0,238673.0
CZ02,245287.0,245372.0
CZ020,245287.0,245372.0
CZ03,204861.0,204631.0
CZ031,101378.0,100970.0
CZ032,103483.0,103661.0
CZ04,214660.0,210418.0
CZ041,53781.0,54871.0
CZ042,160879.0,155547.0
CZ05,296377.0,294096.0
CZ051,85433.0,85162.0
CZ052,116403.0,116248.0
CZ053,94541.0,92686.0
CZ06,316049.0,311914.0
CZ063,90763.0,90518.0
CZ064,225286.0,221396.0
CZ07,234563.0,233412.0
CZ071,122779.0,122572.0
CZ072,111784.0,110840.0
CZ08,231466.0,232355.0
CZ080,231466.0,232355.0
DE,17773981.0,17842842.0
DE1,2255668.0,2258048.0
DE11,812499.0,816326.0
DE111,110959.0,110959.0
DE112,79635.0,79635.0
DE113,109006.0,109395.0
DE114,55521.0,55901.0
DE115,107396.0,105837.0
DE116,86320.0,82433.0
DE117,24447.0,24447.0
DE118,66906.0,66736.0
DE119,16028.0,21959.0
DE11A,31667.0,33991.0
DE11B,30102.0,30039.0
DE11C,29653.0,29714.0
DE11D,64859.0,65280.0
DE12,584569.0,583692.0
DE121,14864.0,14864.0
DE122,58538.0,58538.0
DE123,97770.0,97717.0
DE124,51373.0,51354.0
DE125,24951.0,24951.0
DE126,58750.0,58750.0
DE127,31218.0,31264.0
DE128,120810.0,120385.0
DE129,26351.0,26351.0
DE12A,33729.0,33750.0
DE12B,42871.0,42871.0
DE12C,23344.0,22897.0
DE13,475562.0,474268.0
DE131,39752.0,39752.0
DE132,60296.0,59679.0
DE133,35989.0,35948.0
DE134,93572.0,93421.0
DE135,28705.0,28491.0
DE136,45209.0,44802.0
DE137,27706.0,27738.0
DE138,62019.0,62335.0
DE139,45961.0,45816.0
DE13A,36353.0,36286.0
DE14,383038.0,383762.0
DE141,61162.0,61162.0
DE142,41671.0,41928.0
DE143,42672.0,42820.0
DE144,23007.0,23007.0
DE145,39282.0,39516.0
DE146,39239.0,39189.0
DE147,51202.0,51014.0
DE148,57711.0,57728.0
DE149,27092.0,27398.0
DE2,2670347.0,2670409.0
DE21,902994.0,901654.0
DE211,25089.0,25089.0
DE212,254442.0,254446.0
DE213,12800.0,12800.0
DE214,24761.0,24761.0
DE215,24473.0,24473.0
DE216,27579.0,27576.0
DE217,28660.0,28669.0
DE218,26901.0,26901.0
DE219,24064.0,23998.0
DE21A,24344.0,24344.0
DE21B,28612.0,28510.0
DE21C,46272.0,46544.0
DE21D,20978.0,20978.0
DE21E,24488.0,24488.0
DE21F,15113.0,14310.0
DE21G,24285.0,24275.0
DE21H,70912.0,70909.0
DE21I,19044.0,19019.0
DE21J,23754.0,23748.0
DE21K,55617.0,55642.0
DE21L,32184.0,32184.0
DE21M,38659.0,38039.0
DE21N,29963.0,29951.0
DE22,258034.0,259406.0
DE221,14072.0,14072.0
DE222,11517.0,11517.0
DE223,10170.0,10170.0
DE224,24895.0,24768.0
DE225,16869.0,17003.0
DE226,23746.0,23746.0
DE227,30757.0,30754.0
DE228,42170.0,43518.0
DE229,17647.0,17642.0
DE22A,26473.0,26473.0
DE22B,20440.0,20468.0
DE22C,19278.0,19275.0
DE23,227578.0,227604.0
DE231,9996.0,9996.0
DE232,25501.0,25501.0
DE233,9762.0,9762.0
DE234,21316.0,22134.0
DE235,28319.0,28319.0
DE236,24940.0,25166.0
DE237,20653.0,19688.0
DE238,39035.0,39038.0
DE239,31067.0,31014.0
DE23A,16989.0,16986.0
DE24,236627.0,236661.0
DE241,14789.0,14789.0
DE242,16001.0,16001.0
DE243,9312.0,9312.0
DE244,10898.0,10898.0
DE245,29552.0,29552.0
DE246,22276.0,22316.0
DE247,20350.0,20339.0
DE248,23424.0,23081.0
DE249,24231.0,24231.0
DE24A,13480.0,13912.0
DE24B,17813.0,17792.0
DE24C,15736.0,15687.0
DE24D,18765.0,18751.0
DE25,368886.0,368424.0
DE251,8804.0,8804.0
DE252,20825.0,20825.0
DE253,24608.0,24608.0
DE254,104645.0,104645.0
DE255,9211.0,9211.0
DE256,38002.0,37561.0
DE257,29283.0,29283.0
DE258,27213.0,27156.0
DE259,38481.0,38495.0
DE25A,21184.0,21242.0
DE25B,26093.0,26082.0
DE25C,20537.0,20512.0
DE26,284438.0,285474.0
DE261,15209.0,15209.0
DE262,12980.0,12980.0
DE263,26913.0,26913.0
DE264,36028.0,35680.0
DE265,26369.0,26369.0
DE266,16708.0,15972.0
DE267,17810.0,17605.0
DE268,19059.0,19056.0
DE269,23396.0,27650.0
DE26A,27931.0,26463.0
DE26B,26038.0,25886.0
DE26C,35997.0,35691.0
DE27,391790.0,391186.0
DE271,55933.0,55933.0
DE272,10240.0,10240.0
DE273,14453.0,14453.0
DE274,9487.0,9487.0
DE275,26494.0,26653.0
DE276,54445.0,54321.0
DE277,20251.0,20251.0
DE278,25352.0,25352.0
DE279,37886.0,37886.0
DE27A,18763.0,18763.0
DE27B,27652.0,27331.0
DE27C,30355.0,30245.0
DE27D,25561.0,25219.0
DE27E,34918.0,35052.0
DE3,694018.0,694018.0
DE30,694018.0,694018.0
DE300,694018.0,694018.0
DE4,596842.0,611185.0
DE40,596842.0,611185.0
DE401,20411.0,20407.0
DE402,25378.0,25383.0
DE403,15221.0,15221.0
DE404,36288.0,36288.0
DE405,44464.0,44591.0
DE406,40291.0,40577.0
DE407,26507.0,26936.0
DE408,36483.0,36148.0
DE409,49048.0,49267.0
DE40A,47431.0,47930.0
DE40B,28854.0,31479.0
DE40C,47799.0,48334.0
DE40D,22908.0,23154.0
DE40E,49467.0,47960.0
DE40F,20153.0,20505.0
DE40G,23047.0,30972.0
DE40H,32996.0,35293.0
DE40I,30096.0,30740.0
DE5,143113.0,143117.0
DE50,143113.0,143117.0
DE501,118068.0,118072.0
DE502,25045.0,25045.0
DE6,327606.0,327597.0
DE60,327606.0,327597.0
DE600,327606.0,327597.0
DE7,1281326.0,1285316.0
DE71,791381.0,794713.0
DE711,27749.0,27749.0
DE712,118563.0,118563.0
DE713,19821.0,19821.0
DE714,55762.0,55762.0
DE715,53139.0,56361.0
DE716,63319.0,63284.0
DE717,51826.0,51826.0
DE718,54268.0,54268.0
DE719,89518.0,89366.0
DE71A,49787.0,49784.0
DE71B,21072.0,21129.0
DE71C,76032.0,76208.0
DE71D,43623.0,43603.0
DE71E,66902.0,66989.0
DE72,219057.0,218551.0
DE721,52871.0,53052.0
DE722,56299.0,56299.0
DE723,37884.0,38229.0
DE724,48920.0,47951.0
DE725,23083.0,23020.0
DE73,270888.0,272052.0
DE731,39106.0,39106.0
DE732,46553.0,46539.0
DE733,23385.0,24073.0
DE734,58388.0,58388.0
DE735,41672.0,41769.0
DE736,36356.0,36685.0
DE737,25428.0,25492.0
DE8,339372.0,365014.0
DE80,339372.0,365014.0
DE803,49430.0,49650.0
DE804,25356.0,25919.0
DE80J,46942.0,60096.0
DE80K,45260.0,47936.0
DE80L,44499.0,46082.0
DE80M,30145.0,33210.0
DE80N,53745.0,54893.0
DE80O,43995.0,47228.0
DE9,1701407.0,1706653.0
DE91,363430.0,365324.0
DE911,53416.0,53416.0
DE912,23800.0,23800.0
DE913,28208.0,28248.0
DE914,33885.0,34818.0
DE916,36174.0,36177.0
DE917,20009.0,20700.0
DE918,33049.0,33042.0
DE91A,29455.0,29545.0
DE91B,28380.0,28536.0
DE91C,77054.0,77042.0
DE92,466834.0,467182.0
DE922,48722.0,48410.0
DE923,38663.0,38663.0
DE925,62415.0,63072.0
DE926,15658.0,15372.0
DE927,23652.0,23783.0
DE928,39663.0,39663.0
DE929,238061.0,238219.0
DE93,347750.0,346930.0
DE931,30865.0,31098.0
DE932,43375.0,42550.0
DE933,56819.0,56410.0
DE934,11237.0,11473.0
DE935,31965.0,31959.0
DE936,26705.0,26810.0
DE937,26705.0,26611.0
DE938,25611.0,26232.0
DE939,41184.0,40542.0
DE93A,22637.0,22680.0
DE93B,30647.0,30565.0
DE94,523393.0,527217.0
DE941,17818.0,17818.0
DE942,10937.0,10937.0
DE943,34029.0,34029.0
DE944,31227.0,31227.0
DE945,19675.0,19675.0
DE946,29917.0,29911.0
DE947,39588.0,39275.0
DE948,29002.0,28531.0
DE949,62935.0,62996.0
DE94A,25578.0,25578.0
DE94B,28086.0,29993.0
DE94C,32593.0,35241.0
DE94D,28818.0,28814.0
DE94E,76777.0,76777.0
DE94F,24572.0,24572.0
DE94G,20417.0,20638.0
DE94H,11424.0,11205.0
DEA,3820019.0,3819133.0
DEA1,1133431.0,1133434.0
DEA11,115803.0,115803.0
DEA12,101117.0,101117.0
DEA13,124282.0,124282.0
DEA14,50229.0,50229.0
DEA15,56196.0,56196.0
DEA16,40655.0,40655.0
DEA17,47136.0,47136.0
DEA18,24719.0,24719.0
DEA19,35515.0,35515.0
DEA1A,73376.0,73376.0
DEA1B,67035.0,67074.0
DEA1C,118503.0,118503.0
DEA1D,101174.0,101174.0
DEA1E,68164.0,68173.0
DEA1F,109527.0,109482.0
DEA2,909669.0,909153.0
DEA22,58877.0,58877.0
DEA23,180665.0,180665.0
DEA24,35410.0,35410.0
DEA26,59855.0,59855.0
DEA27,102167.0,102167.0
DEA28,41859.0,41559.0
DEA29,56152.0,56249.0
DEA2A,59523.0,59523.0
DEA2B,66508.0,66508.0
DEA2C,130795.0,130482.0
DEA2D,117858.0,117858.0
DEA3,556085.0,556078.0
DEA31,28136.0,28136.0
DEA32,54731.0,54731.0
DEA33,54908.0,54908.0
DEA34,73581.0,73581.0
DEA35,49188.0,49188.0
DEA36,143198.0,143198.0
DEA37,91582.0,91575.0
DEA38,60761.0,60761.0
DEA4,437710.0,436869.0
DEA41,66250.0,66250.0
DEA42,72194.0,71173.0
DEA43,57320.0,57320.0
DEA44,32719.0,32506.0
DEA45,79393.0,79719.0
DEA46,70611.0,70618.0
DEA47,59223.0,59283.0
DEA5,783124.0,783599.0
DEA51,78473.0,78473.0
DEA52,120874.0,120874.0
DEA53,40654.0,40627.0
DEA54,38204.0,38204.0
DEA55,34421.0,34421.0
DEA56,76468.0,76489.0
DEA57,58843.0,58947.0
DEA58,92759.0,92189.0
DEA59,26854.0,26879.0
DEA5A,57499.0,58424.0
DEA5B,66208.0,66205.0
DEA5C,91867.0,91867.0
DEB,893186.0,890048.0
DEB1,344253.0,342223.0
DEB11,24455.0,24455.0
DEB12,31462.0,31274.0
DEB13,29558.0,29558.0
DEB14,37892.0,37716.0
DEB15,19825.0,19628.0
DEB17,47769.0,47124.0
DEB18,42308.0,42258.0
DEB1A,29596.0,29476.0
DEB1B,44086.0,43849.0
DEB1C,14440.0,14343.0
DEB1D,22862.0,22542.0
DEB2,105464.0,105308.0
DEB21,19511.0,19511.0
DEB22,23974.0,23209.0
DEB23,16988.0,18123.0
DEB24,14169.0,14044.0
DEB25,30822.0,30421.0
DEB3,443469.0,442517.0
DEB31,11088.0,11088.0
DEB32,21017.0,21017.0
DEB33,9412.0,9412.0
DEB34,32808.0,32808.0
DEB35,39216.0,39216.0
DEB36,13173.0,13145.0
DEB37,9501.0,9501.0
DEB38,11609.0,11609.0
DEB39,17205.0,17205.0
DEB3A,8051.0,8051.0
DEB3B,27273.0,27273.0
DEB3C,31959.0,31844.0
DEB3D,17169.0,17169.0
DEB3E,26766.0,26766.0
DEB3F,23161.0,23133.0
DEB3G,15548.0,15520.0
DEB3H,26749.0,26749.0
DEB3I,36137.0,36137.0
DEB3J,41646.0,41346.0
DEB3K,23981.0,23528.0
DEC,245820.0,245465.0
DEC0,245820.0,245465.0
DEC01,77723.0,77723.0
DEC02,25232.0,25278.0
DEC03,32913.0,32973.0
DEC04,50251.0,50251.0
DEC05,36904.0,36402.0
DEC06,22797.0,22838.0
DED,1053625.0,1058841.0
DED2,408178.0,410765.0
DED21,123779.0,123779.0
DED2C,83104.0,82538.0
DED2D,73393.0,74669.0
DED2E,64573.0,66018.0
DED2F,63329.0,63761.0
DED4,404091.0,406210.0
DED41,68199.0,68265.0
DED42,95728.0,95242.0
DED43,79977.0,82532.0
DED44,67558.0,67542.0
DED45,92629.0,92629.0
DED5,241356.0,241866.0
DED51,119761.0,119761.0
DED52,69340.0,69887.0
DED53,52255.0,52218.0
DEE,565484.0,569310.0
DEE0,565484.0,569310.0
DEE01,24801.0,24801.0
DEE02,56211.0,56211.0
DEE03,59240.0,59240.0
DEE04,16742.0,17586.0
DEE05,44881.0,44889.0
DEE06,21164.0,22086.0
DEE07,39121.0,39471.0
DEE08,48429.0,48856.0
DEE09,58969.0,58971.0
DEE0A,39294.0,39065.0
DEE0B,47499.0,47958.0
DEE0C,52672.0,52672.0
DEE0D,26416.0,26595.0
DEE0E,30045.0,30909.0
DEF,645059.0,655478.0
DEF0,645059.0,655478.0
DEF01,18390.0,18390.0
DEF02,46372.0,46372.0
DEF03,49855.0,49855.0
DEF04,18019.0,18019.0
DEF05,29840.0,29559.0
DEF06,39860.0,45513.0
DEF07,36075.0,36224.0
DEF08,53985.0,53957.0
DEF09,70111.0,68344.0
DEF0A,31030.0,34114.0
DEF0B,62754.0,62742.0
DEF0C,43605.0,42407.0
DEF0D,61511.0,61514.0
DEF0E,25754.0,30070.0
DEF0F,57898.0,58398.0
DEG,541089.0,543210.0
DEG0,541089.0,543210.0
DEG01,49989.0,49989.0
DEG02,27567.0,27567.0
DEG03,24646.0,24646.0
DEG05,15726.0,15726.0
DEG06,25877.0,25880.0
DEG07,22591.0,21973.0
DEG09,25283.0,25340.0
DEG0A,19016.0,19162.0
DEG0C,34881.0,34961.0
DEG0D,16127.0,16758.0
DEG0E,14529.0,14525.0
DEG0G,19556.0,20830.0
DEG0J,22721.0,22822.0
DEG0K,20096.0,19947.0
DEG0L,27479.0,27948.0
DEG0M,27609.0,27609.0
DEG0Q,30840.0,31067.0
DEG0R,34751.0,34616.0
DEG0S,11835.0,11835.0
DEG0T,27045.0,27034.0
DEG0U,27206.0,27152.0
DEG0V,15719.0,15823.0
DK,928274.0,945080.0
DK0,928274.0,945080.0
DK01,297594.0,292539.0
DK011,95484.0,95415.0
DK012,100645.0,100645.0
DK013,95709.0,90755.0
DK014,5756.0,5724.0
DK02,129549.0,169753.0
DK021,49779.0,49424.0
DK022,79770.0,120329.0
DK03,190823.0,189498.0
DK031,73761.0,74517.0
DK032,117062.0,114981.0
DK04,219144.0,201332.0
DK041,78593.0,66108.0
DK042,140551.0,135224.0
DK05,91164.0,91958.0
DK050,91164.0,91958.0
EE,217153.0,245155.0
EE0,217153.0,245155.0
EE00,217153.0,245155.0
EE001,103778.0,104855.0
EE004,18833.0,25416.0
EE008,50997.0,58140.0
EE009,11926.0,22441.0
EE00A,31619.0,34303.0
EL,1669844.0,1756840.0
EL3,735879.0,742615.0
EL30,735879.0,742615.0
EL301,135305.0,135305.0
EL302,92381.0,92381.0
EL303,217882.0,217909.0
EL304,117799.0,117799.0
EL305,63365.0,64963.0
EL306,25391.0,25346.0
EL307,83756.0,88912.0
EL4,123882.0,130398.0
EL41,20654.0,21399.0
EL411,9985.0,9788.0
EL412,2959.0,2860.0
EL413,7710.0,8751.0
EL42,32326.0,34988.0
EL421,25204.0,26594.0
EL422,7122.0,8394.0
EL43,70902.0,74011.0
EL431,36804.0,35795.0
EL432,7543.0,12085.0
EL433,6937.0,7005.0
EL434,19618.0,19126.0
EL5,480228.0,505198.0
EL51,87516.0,95045.0
EL511,18340.0,19797.0
EL512,14790.0,15331.0
EL513,17870.0,19881.0
EL514,17460.0,19530.0
EL515,19056.0,20506.0
EL52,302027.0,320074.0
EL521,25956.0,28362.0
EL522,194346.0,201774.0
EL523,13912.0,13909.0
EL524,20666.0,23499.0
EL525,21800.0,21698.0
EL526,21325.0,23999.0
EL527,4022.0,6833.0
EL53,41220.0,40165.0
EL531,24928.0,26523.0
EL532,8687.0,6273.0
EL533,7605.0,7369.0
EL54,49465.0,49914.0
EL541,20767.0,21213.0
EL542,3398.0,3407.0
EL543,25300.0,25294.0
EL6,329855.0,378629.0
EL61,103042.0,120500.0
EL611,39523.0,47463.0
EL612,34430.0,42554.0
EL613,29089.0,30483.0
EL62,24177.0,25758.0
EL621,6024.0,6024.0
EL622,10782.0,12313.0
EL623,5300.0,5306.0
EL624,2071.0,2115.0
EL63,80471.0,100363.0
EL631,6144.0,25024.0
EL632,50900.0,51056.0
EL633,23427.0,24283.0
EL64,55976.0,57429.0
EL641,13548.0,13789.0
EL642,21934.0,22606.0
EL643,1735.0,1735.0
EL644,15326.0,15837.0
EL645,3433.0,3462.0
EL65,66189.0,74579.0
EL651,24070.0,23980.0
EL652,17510.0,18257.0
EL653,24609.0,32342.0
ES,7741796.0,7705435.0
ES1,775223.0,766247.0
ES11,442663.0,436454.0
ES111,184896.0,183183.0
ES112,46615.0,45433.0
ES113,54312.0,53872.0
ES114,156840.0,153966.0
ES12,232165.0,230231.0
ES120,232165.0,230231.0
ES13,100395.0,99562.0
ES130,100395.0,99562.0
ES2,857097.0,854204.0
ES21,462555.0,460238.0
ES211,63587.0,63580.0
ES212,154989.0,153689.0
ES213,243979.0,242969.0
ES22,111215.0,111102.0
ES220,111215.0,111102.0
ES23,59286.0,58984.0
ES230,59286.0,58984.0
ES24,224041.0,223880.0
ES241,34807.0,34832.0
ES242,13470.0,13412.0
ES243,175764.0,175636.0
ES3,1186133.0,1184202.0
ES30,1186133.0,1184202.0
ES300,1186133.0,1184202.0
ES4,762807.0,753561.0
ES41,396979.0,397111.0
ES411,17763.0,17774.0
ES412,63208.0,63025.0
ES413,79789.0,79607.0
ES414,25654.0,25654.0
ES415,49090.0,49113.0
ES416,19870.0,19956.0
ES417,9658.0,9678.0
ES418,103248.0,103727.0
ES419,28699.0,28577.0
ES42,231671.0,223780.0
ES421,50074.0,50148.0
ES422,71567.0,71135.0
ES423,14166.0,14616.0
ES424,26297.0,26515.0
ES425,69567.0,61366.0
ES43,134157.0,132670.0
ES431,89337.0,87423.0
ES432,44820.0,45247.0
ES5,2456478.0,2438014.0
ES51,1388001.0,1380006.0
ES511,1066850.0,1063293.0
ES512,112617.0,111517.0
ES513,66213.0,62749.0
ES514,142321.0,142447.0
ES52,902885.0,893681.0
ES521,343389.0,337692.0
ES522,89999.0,87620.0
ES523,469497.0,468369.0
ES53,165592.0,164327.0
ES531,16932.0,17383.0
ES532,133548.0,131843.0
ES533,15112.0,15101.0
ES6,1405661.0,1411412.0
ES61,1182573.0,1189947.0
ES611,64443.0,64413.0
ES612,174585.0,180064.0
ES613,116384.0,123246.0
ES614,127021.0,128349.0
ES615,54867.0,53710.0
ES616,92566.0,91534.0
ES617,263861.0,256957.0
ES618,288846.0,291674.0
ES62,205164.0,203541.0
ES620,205164.0,203541.0
ES63,8740.0,8740.0
ES630,8740.0,8740.0
ES64,9184.0,9184.0
ES640,9184.0,9184.0
ES7,298397.0,297795.0
ES70,298397.0,297795.0
ES703,1779.0,1463.0
ES704,5782.0,5626.0
ES705,126627.0,127003.0
ES706,1439.0,1447.0
ES707,7038.0,6606.0
ES708,16083.0,16032.0
ES709,139649.0,139618.0
FI,1141670.0,1122371.0
FI1,1136564.0,1117887.0
FI19,298638.0,289377.0
FI196,54876.0,53882.0
FI198,55685.0,49494.0
FI199,43678.0,42038.0
FI19A,36234.0,37602.0
FI19B,108165.0,106361.0
FI1B,288529.0,282945.0
FI1B1,288529.0,282945.0
FI1C,276846.0,276109.0
FI1C1,107297.0,106745.0
FI1C2,42872.0,42813.0
FI1C5,31852.0,32058.0
FI1C6,53172.0,53579.0
FI1C7,41653.0,40914.0
FI1D,272551.0,269456.0
FI1D5,14695.0,14663.0
FI1D7,37507.0,37523.0
FI1D8,14053.0,11655.0
FI1D9,73920.0,75105.0
FI1DA,35868.0,36483.0
FI1DB,57001.0,53846.0
FI1DC,39507.0,40181.0
FI2,5106.0,4484.0
FI20,5106.0,4484.0
FI200,5106.0,4484.0
FR,12566707.0,12526813.0
FR1,1848213.0,1847083.0
FR10,1848213.0,1847083.0
FR101,372800.0,372800.0
FR102,207727.0,206967.0
FR103,242714.0,242683.0
FR104,199430.0,199089.0
FR105,247505.0,247505.0
FR106,204923.0,204923.0
FR107,201832.0,201832.0
FR108,171282.0,171284.0
FRB,538445.0,532778.0
FRB0,538445.0,532778.0
FRB01,64682.0,64487.0
FRB02,83419.0,82543.0
FRB03,53201.0,53292.0
FRB04,127466.0,127732.0
FRB05,77817.0,76856.0
FRB06,131860.0,127868.0
FRC,600551.0,599301.0
FRC1,371333.0,372132.0
FRC11,109105.0,109550.0
FRC12,54174.0,54396.0
FRC13,140255.0,139192.0
FRC14,67799.0,68994.0
FRC2,229218.0,227169.0
FRC21,94324.0,93163.0
FRC22,58460.0,58237.0
FRC23,48868.0,48652.0
FRC24,27566.0,27117.0
FRD,684710.0,680505.0
FRD1,329227.0,328134.0
FRD11,143687.0,143533.0
FRD12,113006.0,112054.0
FRD13,72534.0,72547.0
FRD2,355483.0,352371.0
FRD21,112593.0,112046.0
FRD22,242890.0,240325.0
FRE,1072245.0,1067194.0
FRE1,720133.0,718435.0
FRE11,446781.0,445845.0
FRE12,273352.0,272590.0
FRE2,352112.0,348759.0
FRE21,102548.0,102047.0
FRE22,141641.0,140854.0
FRE23,107923.0,105858.0
FRF,1080875.0,1079243.0
FRF1,362442.0,362112.0
FRF11,208411.0,208319.0
FRF12,154031.0,153793.0
FRF2,250037.0,248884.0
FRF21,50044.0,49712.0
FRF22,57801.0,57747.0
FRF23,105560.0,105166.0
FRF24,36632.0,36259.0
FRF3,468396.0,468247.0
FRF31,142589.0,141225.0
FRF32,34749.0,36745.0
FRF33,206011.0,205183.0
FRF34,85047.0,85094.0
FRG,766857.0,758950.0
FRG0,766857.0,758950.0
FRG01,262718.0,262218.0
FRG02,162285.0,162048.0
FRG03,66549.0,66305.0
FRG04,121654.0,121038.0
FRG05,153651.0,147341.0
FRH,705668.0,704074.0
FRH0,705668.0,704074.0
FRH01,148108.0,148444.0
FRH02,194520.0,194601.0
FRH03,195622.0,194462.0
FRH04,167418.0,166567.0
FRI,1318411.0,1318107.0
FRI1,732765.0,732628.0
FRI11,98438.0,98183.0
FRI12,298711.0,296922.0
FRI13,96193.0,95914.0
FRI14,82246.0,81808.0
FRI15,157177.0,159801.0
FRI2,158449.0,158705.0
FRI21,48897.0,49020.0
FRI22,26600.0,26939.0
FRI23,82952.0,82746.0
FRI3,427197.0,426774.0
FRI31,82018.0,81941.0
FRI32,171835.0,172252.0
FRI33,84799.0,84749.0
FRI34,88545.0,87832.0
FRJ,1267000.0,1263835.0
FRJ1,645419.0,644168.0
FRJ11,89988.0,89079.0
FRJ12,166948.0,166811.0
FRJ13,253084.0,253133.0
FRJ14,14767.0,14844.0
FRJ15,120632.0,120301.0
FRJ2,621581.0,619667.0
FRJ21,35625.0,36058.0
FRJ22,58934.0,59674.0
FRJ23,234734.0,233323.0
FRJ24,49898.0,48801.0
FRJ25,38816.0,38338.0
FRJ26,56523.0,55989.0
FRJ27,92857.0,92936.0
FRJ28,54194.0,54548.0
FRK,1520298.0,1512681.0
FRK1,293005.0,291457.0
FRK11,83329.0,82716.0
FRK12,31877.0,32301.0
FRK13,47957.0,47591.0
FRK14,129842.0,128849.0
FRK2,1227293.0,1221224.0
FRK21,114909.0,113446.0
FRK22,76932.0,76859.0
FRK23,110482.0,108704.0
FRK24,219058.0,217818.0
FRK25,168760.0,168613.0
FRK26,325138.0,325091.0
FRK27,83031.0,82210.0
FRK28,128983.0,128483.0
FRL,1110505.0,1109270.0
FRL0,1110505.0,1109270.0
FRL01,37590.0,37553.0
FRL02,28878.0,29244.0
FRL03,254452.0,254333.0
FRL04,410769.0,409781.0
FRL05,253114.0,252604.0
FRL06,125702.0,125755.0
FRM,52929.0,53792.0
FRM0,52929.0,53792.0
FRM01,26968.0,27204.0
FRM02,25961.0,26588.0
FRY,0.0,0.0
HR,566268.0,566760.0
HR0,566268.0,566760.0
HR02,152674.0,156291.0
HR021,15408.0,15405.0
HR022,7123.0,7076.0
HR023,12758.0,12629.0
HR024,18826.0,21736.0
HR025,40462.0,40075.0
HR026,19887.0,20209.0
HR027,18940.0,18903.0
HR028,19270.0,20258.0
HR03,160414.0,161094.0
HR031,50584.0,50753.0
HR032,2444.0,2458.0
HR033,19618.0,19845.0
HR034,14962.0,14758.0
HR035,43999.0,44311.0
HR036,20501.0,20472.0
HR037,8306.0,8497.0
HR05,152445.0,151355.0
HR050,152445.0,151355.0
HR06,100735.0,98020.0
HR061,17208.0,16801.0
HR062,25645.0,25503.0
HR063,10364.0,10276.0
HR064,14859.0,14724.0
HR065,32659.0,30716.0
HU,1530721.0,1502231.0
HU1,551574.0,547853.0
HU11,351730.0,351721.0
HU110,351730.0,351721.0
HU12,199844.0,196132.0
HU120,199844.0,196132.0
HU2,501285.0,491317.0
HU21,180707.0,180306.0
HU211,64355.0,62315.0
HU212,49012.0,51386.0
HU213,67340.0,66605.0
HU22,163143.0,160548.0
HU221,78973.0,78370.0
HU222,38287.0,37578.0
HU223,45883.0,44600.0
HU23,157435.0,150463.0
HU231,69109.0,68477.0
HU232,51579.0,54639.0
HU233,36747.0,27347.0
HU3,477862.0,463061.0
HU31,161876.0,158856.0
HU311,91343.0,89124.0
HU312,41726.0,41531.0
HU313,28807.0,28201.0
HU32,153867.0,145067.0
HU321,62293.0,57633.0
HU322,49902.0,46869.0
HU323,41672.0,40565.0
HU33,162119.0,159138.0
HU331,52922.0,50457.0
HU332,36557.0,35754.0
HU333,72640.0,72927.0
IE,621604.0,616905.0
IE0,621604.0,616905.0
IE04,98336.0,98596.0
IE041,51150.0,51469.0
IE042,47186.0,47127.0
IE05,224595.0,221646.0
IE051,64548.0,63139.0
IE052,54299.0,53937.0
IE053,105748.0,104570.0
IE06,298673.0,296663.0
IE061,186979.0,185508.0
IE062,81069.0,80223.0
IE063,30625.0,30932.0
IT,12687929.0,12611693.0
ITC,3702745.0,3679704.0
ITC1,1049258.0,1039819.0
ITC11,561794.0,560380.0
ITC12,42718.0,42353.0
ITC13,46717.0,46437.0
ITC14,36926.0,38071.0
ITC15,88296.0,87118.0
ITC16,125704.0,121924.0
ITC17,39879.0,36997.0
ITC18,107224.0,106539.0
ITC2,18464.0,18263.0
ITC20,18464.0,18263.0
ITC3,376584.0,371377.0
ITC31,47051.0,46630.0
ITC32,64286.0,64102.0
ITC33,212667.0,208212.0
ITC34,52580.0,52433.0
ITC4,2258439.0,2250245.0
ITC41,213160.0,211545.0
ITC42,135923.0,135584.0
ITC43,78647.0,78755.0
ITC44,35193.0,33632.0
ITC46,230719.0,230795.0
ITC47,266853.0,265518.0
ITC48,131312.0,130938.0
ITC49,50539.0,50538.0
ITC4A,83970.0,82871.0
ITC4B,96429.0,94377.0
ITC4C,735223.0,735221.0
ITC4D,200471.0,200471.0
ITF,2598413.0,2596671.0
ITF1,268978.0,264490.0
ITF11,63120.0,62098.0
ITF12,64156.0,62114.0
ITF13,67001.0,66122.0
ITF14,74701.0,74156.0
ITF2,54812.0,54025.0
ITF21,18737.0,18654.0
ITF22,36075.0,35371.0
ITF3,1040199.0,1039790.0
ITF31,157427.0,156371.0
ITF32,49341.0,48295.0
ITF33,560330.0,561295.0
ITF34,79352.0,77971.0
ITF35,193749.0,195858.0
ITF4,856257.0,856096.0
ITF43,129193.0,128910.0
ITF44,91704.0,91712.0
ITF45,190824.0,190456.0
ITF46,99177.0,98383.0
ITF47,272549.0,272349.0
ITF48,72810.0,74286.0
ITF5,82118.0,80253.0
ITF51,54375.0,53341.0
ITF52,27743.0,26912.0
ITF6,296049.0,302017.0
ITF61,99603.0,103317.0
ITF62,27123.0,27204.0
ITF63,56826.0,60161.0
ITF64,22269.0,22675.0
ITF65,90228.0,88660.0
ITG,1205517.0,1200039.0
ITG1,907295.0,905003.0
ITG11,91932.0,91928.0
ITG12,220683.0,218349.0
ITG13,101112.0,101368.0
ITG14,74439.0,76253.0
ITG15,47130.0,46742.0
ITG16,30417.0,31295.0
ITG17,211634.0,210086.0
ITG18,60127.0,58204.0
ITG19,69821.0,70778.0
ITG2,298222.0,295036.0
ITG2D,82597.0,81228.0
ITG2E,25212.0,26004.0
ITG2F,97567.0,97577.0
ITG2G,29840.0,27859.0
ITG2H,63006.0,62368.0
ITH,2601301.0,2575061.0
ITH1,81555.0,83195.0
ITH10,81555.0,83195.0
ITH2,98813.0,96360.0
ITH20,98813.0,96360.0
ITH3,1107215.0,1103193.0
ITH31,202494.0,202181.0
ITH32,188594.0,187923.0
ITH33,43068.0,43035.0
ITH34,198267.0,196510.0
ITH35,195828.0,195259.0
ITH36,218024.0,217881.0
ITH37,60940.0,60404.0
ITH4,302761.0,286497.0
ITH41,74076.0,74024.0
ITH42,129302.0,114249.0
ITH43,35475.0,34597.0
ITH44,63908.0,63627.0
ITH5,1010957.0,1005816.0
ITH51,64078.0,64053.0
ITH52,92994.0,92772.0
ITH53,109997.0,108123.0
ITH54,153528.0,153106.0
ITH55,241255.0,240712.0
ITH56,81571.0,80295.0
ITH57,98112.0,97607.0
ITH58,91762.0,91516.0
ITH59,77660.0,77632.0
ITI,2579953.0,2560218.0
ITI1,846498.0,838539.0
ITI11,48614.0,48210.0
ITI12,91476.0,91258.0
ITI13,73361.0,73181.0
ITI14,233142.0,232227.0
ITI15,54499.0,54448.0
ITI16,79215.0,78954.0
ITI17,94928.0,94728.0
ITI18,79157.0,77294.0
ITI19,47771.0,47632.0
ITI1A,44335.0,40607.0
ITI2,206333.0,205425.0
ITI21,153556.0,153060.0
ITI22,52777.0,52365.0
ITI3,333046.0,329323.0
ITI31,69288.0,67566.0
ITI32,112639.0,111317.0
ITI33,69633.0,70406.0
ITI34,44841.0,43679.0
ITI35,36645.0,36355.0
ITI4,1194076.0,1186931.0
ITI41,52001.0,52039.0
ITI42,19929.0,18022.0
ITI43,911376.0,908592.0
ITI44,114899.0,114436.0
ITI45,95871.0,93842.0
LT,493297.0,497112.0
LT0,493297.0,497112.0
LT01,133476.0,133877.0
LT011,133476.0,133877.0
LT02,359821.0,363235.0
LT021,26022.0,26175.0
LT022,107089.0,106934.0
LT023,54423.0,55371.0
LT024,24074.0,24610.0
LT025,40978.0,42268.0
LT026,47227.0,46769.0
LT027,14780.0,15012.0
LT028,20800.0,20884.0
LT029,24428.0,25212.0
LU,91228.0,91228.0
LU0,91228.0,91228.0
LU00,91228.0,91228.0
LU000,91228.0,91228.0
LV,315156.0,313954.0
LV0,315156.0,313954.0
LV00,315156.0,313954.0
LV005,38186.0,38500.0
LV009,33501.0,33574.0
LV00A,160135.0,159152.0
LV00B,43636.0,43773.0
LV00C,39698.0,38955.0
MT,91549.0,93186.0
MT0,91549.0,93186.0
MT00,91549.0,93186.0
MT001,82950.0,84587.0
MT002,8599.0,8599.0
NL,3395638.0,3393769.0
NL1,338451.0,334397.0
NL11,107765.0,107146.0
NL112,11360.0,11357.0
NL114,32426.0,32721.0
NL115,63979.0,63068.0
NL12,117152.0,114558.0
NL126,39098.0,37640.0
NL127,47230.0,46048.0
NL128,30824.0,30870.0
NL13,113534.0,112693.0
NL131,44878.0,42616.0
NL132,38922.0,40354.0
NL133,29734.0,29723.0
NL2,727964.0,727908.0
NL21,229839.0,229703.0
NL211,68466.0,68504.0
NL212,30822.0,30822.0
NL213,130551.0,130377.0
NL22,435576.0,435647.0
NL221,142117.0,142289.0
NL224,48013.0,48013.0
NL225,97515.0,97515.0
NL226,147931.0,147830.0
NL23,62549.0,62558.0
NL230,62549.0,62558.0
NL3,1534970.0,1536506.0
NL32,525820.0,525962.0
NL321,81493.0,81666.0
NL323,42033.0,42033.0
NL325,32166.0,32166.0
NL327,54993.0,55004.0
NL328,54103.0,54800.0
NL32A,46206.0,45482.0
NL32B,214826.0,214811.0
NL34,87569.0,88706.0
NL341,26362.0,26362.0
NL342,61207.0,62344.0
NL35,236441.0,236449.0
NL350,236441.0,236449.0
NL36,685140.0,685389.0
NL361,149255.0,149255.0
NL362,43238.0,43238.0
NL363,83087.0,83087.0
NL364,73723.0,73723.0
NL365,69339.0,69339.0
NL366,266498.0,266747.0
NL4,794253.0,794958.0
NL41,523319.0,524005.0
NL411,136415.0,136395.0
NL414,153754.0,154899.0
NL415,96073.0,95637.0
NL416,137077.0,137074.0
NL42,270934.0,270953.0
NL421,64575.0,64566.0
NL422,58413.0,58413.0
NL423,147946.0,147974.0
NO,708044.0,713671.0
NO0,708044.0,713671.0
NO02,59055.0,59733.0
NO020,59055.0,59733.0
NO06,52377.0,57795.0
NO060,52377.0,57795.0
NO07,46558.0,47112.0
NO071,23892.0,24477.0
NO072,16275.0,16314.0
NO073,6391.0,6321.0
NO08,287242.0,285088.0
NO081,87219.0,87234.0
NO083,54649.0,54872.0
NO084,104193.0,101951.0
NO085,41181.0,41031.0
NO09,115242.0,113919.0
NO092,43902.0,43794.0
NO093,42579.0,42156.0
NO094,28761.0,27969.0
NO0A,147570.0,150024.0
NO0A1,59772.0,59523.0
NO0A2,67698.0,69798.0
NO0A3,20100.0,20703.0
NO0B,0.0,0.0
NO0B1,0.0,0.0
PL,5328955.0,5762538.0
PL2,815519.0,1243165.0
PL21,485027.0,425004.0
PL213,152118.0,152118.0
PL214,99144.0,82452.0
PL217,58517.0,56924.0
PL218,58452.0,58884.0
PL219,33110.0,30567.0
PL21A,83686.0,44059.0
PL22,330492.0,818161.0
PL224,2739.0,91952.0
PL225,28689.0,106486.0
PL227,24350.0,111053.0
PL228,3017.0,76346.0
PL229,9642.0,85098.0
PL22A,141731.0,145661.0
PL22B,102009.0,137108.0
PL22C,18315.0,64457.0
PL4,912585.0,907222.0
PL41,509665.0,496068.0
PL411,54126.0,52265.0
PL414,87444.0,88369.0
PL415,111321.0,111311.0
PL416,101913.0,100672.0
PL417,81142.0,78826.0
PL418,73719.0,64625.0
PL42,254298.0,259921.0
PL424,82792.0,80705.0
PL426,57826.0,56558.0
PL427,43928.0,48941.0
PL428,69752.0,73717.0
PL43,148622.0,151233.0
PL431,51787.0,55478.0
PL432,96835.0,95755.0
PL5,660565.0,659586.0
PL51,503615.0,497048.0
PL514,131716.0,131074.0
PL515,97058.0,94598.0
PL516,74491.0,72499.0
PL517,119329.0,122672.0
PL518,81021.0,76205.0
PL52,156950.0,162538.0
PL523,59589.0,60518.0
PL524,97361.0,102020.0
PL6,793117.0,836027.0
PL61,286082.0,304416.0
PL613,136367.0,132985.0
PL616,45573.0,52386.0
PL617,36787.0,46052.0
PL618,20958.0,21466.0
PL619,46397.0,51527.0
PL62,200161.0,195689.0
PL621,75615.0,74571.0
PL622,86047.0,84785.0
PL623,38499.0,36333.0
PL63,306874.0,335922.0
PL633,154247.0,158081.0
PL634,23595.0,54792.0
PL636,45448.0,43820.0
PL637,25469.0,23577.0
PL638,58115.0,55652.0
PL7,622465.0,609172.0
PL71,422823.0,418246.0
PL711,161091.0,161091.0
PL712,74794.0,72362.0
PL713,89620.0,86046.0
PL714,42771.0,46754.0
PL715,54547.0,51993.0
PL72,199642.0,190926.0
PL721,130790.0,125979.0
PL722,68852.0,64947.0
PL8,639787.0,636830.0
PL81,160005.0,163305.0
PL811,14693.0,14133.0
PL812,32384.0,31759.0
PL814,91505.0,97013.0
PL815,21423.0,20400.0
PL82,308713.0,303818.0
PL821,66923.0,66612.0
PL822,53176.0,51544.0
PL823,95472.0,93868.0
PL824,93142.0,91794.0
PL84,171069.0,169707.0
PL841,81437.0,81704.0
PL842,54555.0,53002.0
PL843,35077.0,35001.0
PL9,884917.0,870536.0
PL91,549327.0,543878.0
PL911,358628.0,358628.0
PL912,87751.0,81837.0
PL913,102948.0,103413.0
PL92,335590.0,326658.0
PL921,99389.0,98011.0
PL922,46243.0,45821.0
PL923,46245.0,45457.0
PL924,46850.0,45297.0
PL925,55879.0,52735.0
PL926,40984.0,39337.0
PT,1906149.0,1882414.0
PT1,1850012.0,1826055.0
PT11,670108.0,658676.0
PT111,44225.0,43257.0
PT112,73674.0,72667.0
PT119,64754.0,60993.0
PT11A,370072.0,369207.0
PT11B,13689.0,12948.0
PT11C,52942.0,50002.0
PT11D,31846.0,30815.0
PT11E,18906.0,18787.0
PT15,87957.0,87208.0
PT150,87957.0,87208.0
PT19,286850.0,280716.0
PT191,72063.0,71356.0
PT192,66091.0,64890.0
PT193,54138.0,52172.0
PT194,47398.0,46106.0
PT195,12647.0,12566.0
PT196,34513.0,33626.0
PT1A,422325.0,418988.0
PT1A0,422325.0,418988.0
PT1B,164528.0,164367.0
PT1B0,164528.0,164367.0
PT1C,69824.0,68867.0
PT1C1,13799.0,13694.0
PT1C2,17143.0,16095.0
PT1C3,18841.0,18872.0
PT1C4,20041.0,20206.0
PT1D,148420.0,147233.0
PT1D1,68877.0,67821.0
PT1D2,47434.0,48293.0
PT1D3,32109.0,31119.0
PT2,22057.0,22188.0
PT20,22057.0,22188.0
PT200,22057.0,22188.0
PT3,34080.0,34171.0
PT30,34080.0,34171.0
PT300,34080.0,34171.0
RO,2164655.0,2171551.0
RO1,499997.0,500730.0
RO11,269659.0,272107.0
RO111,59646.0,60352.0
RO112,27303.0,27180.0
RO113,82613.0,82046.0
RO114,46563.0,47159.0
RO115,38252.0,38123.0
RO116,15282.0,17247.0
RO12,230338.0,228623.0
RO121,13605.0,14564.0
RO122,81647.0,79521.0
RO123,0.0,0.0
RO124,36680.0,37398.0
RO125,46804.0,46475.0
RO126,51602.0,50665.0
RO2,586641.0,587542.0
RO21,271879.0,274757.0
RO211,59852.0,60574.0
RO212,38577.0,39253.0
RO213,67575.0,67809.0
RO214,15716.0,17313.0
RO215,70981.0,70678.0
RO216,19178.0,19130.0
RO22,314762.0,312785.0
RO221,42379.0,42492.0
RO222,52787.0,52572.0
RO223,98712.0,94924.0
RO224,71642.0,72867.0
RO225,6237.0,6213.0
RO226,43005.0,43717.0
RO3,721190.0,725655.0
RO31,344705.0,349238.0
RO311,79914.0,80789.0
RO312,34944.0,34944.0
RO313,43929.0,44581.0
RO314,27149.0,28205.0
RO315,17770.0,18251.0
RO316,111262.0,111226.0
RO317,29737.0,31242.0
RO32,376485.0,376417.0
RO321,327771.0,327437.0
RO322,48714.0,48980.0
RO4,356827.0,357624.0
RO41,174519.0,175018.0
RO411,68104.0,67246.0
RO412,14233.0,15113.0
RO413,4468.0,4686.0
RO414,38454.0,38908.0
RO415,49260.0,49065.0
RO42,182308.0,182606.0
RO421,36037.0,37153.0
RO422,13293.0,13486.0
RO423,41294.0,41524.0
RO424,91684.0,90443.0
SE,1349784.0,2007095.0
SE1,555117.0,729272.0
SE11,301696.0,376913.0
SE110,301696.0,376913.0
SE12,253421.0,352359.0
SE121,45471.0,70931.0
SE122,42828.0,64541.0
SE123,70435.0,92355.0
SE124,40744.0,65009.0
SE125,53943.0,59523.0
SE2,545486.0,894172.0
SE21,96302.0,187315.0
SE211,43068.0,75559.0
SE212,23592.0,42710.0
SE213,21394.0,56413.0
SE214,8248.0,12633.0
SE22,209881.0,303237.0
SE221,0.0,35289.0
SE224,209881.0,267948.0
SE23,239303.0,403620.0
SE231,45766.0,73748.0
SE232,193537.0,329872.0
SE3,249181.0,383651.0
SE31,118296.0,197036.0
SE311,40763.0,64112.0
SE312,47062.0,65918.0
SE313,30471.0,67006.0
SE32,49045.0,81884.0
SE321,33637.0,54122.0
SE322,15408.0,27762.0
SE33,81840.0,104731.0
SE331,39393.0,52228.0
SE332,42447.0,52503.0
SI,319523.0,271875.0
SI0,319523.0,271875.0
SI03,155809.0,114478.0
SI031,22761.0,21182.0
SI032,55754.0,18060.0
SI033,8153.0,7773.0
SI034,34898.0,33528.0
SI035,8718.0,8195.0
SI036,9064.0,9069.0
SI037,11523.0,11689.0
SI038,4938.0,4982.0
SI04,163714.0,157397.0
SI041,89250.0,86154.0
SI042,36172.0,35468.0
SI043,16830.0,14758.0
SI044,21462.0,21017.0
SK,821550.0,797029.0
SK0,821550.0,797029.0
SK01,123801.0,121953.0
SK010,123801.0,121953.0
SK02,298235.0,286552.0
SK021,83206.0,75565.0
SK022,101996.0,101185.0
SK023,113033.0,109802.0
SK03,187567.0,180472.0
SK031,92319.0,89512.0
SK032,95248.0,90960.0
SK04,211947.0,208052.0
SK041,100039.0,98117.0
SK042,111908.0,109935.0
